//################################## NUMBER OF NODES ###############################################
//numberOfNodes=14
//########################### PHYSICAL TOPOLOGY ADJACENCY MATRIX ###################################
physicalTopologyAdjacencyMatrix=
0 1 1 0 0 0 0 1 0 0 0 0 0 0
1 0 1 1 0 0 0 0 0 0 0 0 0 0
1 1 0 0 0 1 0 0 0 0 0 0 0 0
0 1 0 0 1 0 0 0 0 0 1 0 0 0
0 0 0 1 0 1 1 0 0 0 0 0 0 0
0 0 1 0 1 0 0 0 0 1 0 0 0 1
0 0 0 0 1 0 0 1 0 0 0 0 0 0
1 0 0 0 0 0 1 0 1 0 0 0 0 0
0 0 0 0 0 0 0 1 0 1 0 1 1 0
0 0 0 0 0 1 0 0 1 0 0 0 0 0
0 0 0 1 0 0 0 0 0 0 0 1 1 0
0 0 0 0 0 0 0 0 1 0 1 0 0 1
0 0 0 0 0 0 0 0 1 0 1 0 0 1
0 0 0 0 0 1 0 0 0 0 0 1 1 0
//################################## DISTANCES BETWEEN NODES #######################################
distanceMatrix = 
0 1100 1600 0 0 0 0 2800 0 0 0 0 0 0
1100 0 600 1000 0 0 0 0 0 0 0 0 0 0
1600 600 0 0 0 2000 0 0 0 0 0 0 0
0 1000 0 0 600 0 0 0 0 0 2400 0 0 0
0 0 0 600 0 1100 800 0 0 0 0 0 0 0
0 0 2000 0 1100 0 0 0 0 1200 0 0 0 2000
0 0 0 0 800 0 0 700 0 0 0 0 0 0
2800 0 0 0 0 0 700 0 700 0 0 0 0 0
0 0 0 0 0 0 0 700 0 900 0 500 500 0
0 0 0 0 0 1200 0 0 900 0 0 0 0 0
0 0 0 2400 0 0 0 0 0 0 0 800 800 0
0 0 0 0 0 0 0 0 500 0 800 0 0 300
0 0 0 0 0 0 0 0 500 0 800 0 0 300
0 0 0 0 0 2000 0 0 0 0 0 300 300 0
//###################################### SPAN (km) #################################################
span=100
//################################### NUMBER OF OMS PER LINK #######################################
numberOfOMSPerLink=1
//############################# NUMBER OF OPTICAL CHANNELS PER OMS #################################
numberOfOpticalChannelsPerOMS=100
//################################### INITIAL WAVELENGHT (nm) ######################################
initialWavelength=1550
//############################## WAVELENGHT SPACING IN NANOMETERS ##################################
wavelenghtSpacing=0.8
//############################# OPTICAL CHANNEL CAPACITY IN ODU0 ###################################
opticalChannelCapacity=80
//##################################################################################################
//################################### TRAFFIC MATRIX ###############################################
//##################################################################################################
//####################################### ODU0 #####################################################
odu0=
0 4 2 7 4 6 4 4 3 4 4 7 4 3
4 0 4 4 3 8 7 4 4 4 4 7 1 5
2 4 0 7 4 4 4 2 6 4 5 7 4 4
7 4 7 0 5 2 4 4 3 4 4 7 4 3
4 3 4 5 0 4 4 4 5 4 4 2 4 7
6 8 4 2 4 0 2 6 4 4 5 4 6 4
4 7 4 4 4 2 0 6 0 4 4 6 1 6
4 4 2 4 4 6 6 0 4 0 4 4 6 0
3 4 6 3 5 4 0 4 0 4 4 6 4 2
4 4 4 4 4 4 4 0 4 0 2 4 4 7
4 4 5 4 4 5 4 4 4 2 0 4 4 4
7 7 7 7 2 4 6 4 6 4 4 0 4 4
4 1 4 4 4 6 1 6 4 4 4 4 0 3
3 5 4 3 7 4 6 0 2 7 4 4 3 0
//####################################### ODU1 #####################################################
odu1=
0 0 0 0 0 0 0 0 0 0 0 0 0 0
0 0 0 0 0 0 0 0 0 0 0 0 0 0
0 0 0 0 0 0 0 0 0 0 0 0 0 0
0 0 0 0 0 0 0 0 0 0 0 0 0 0
0 0 0 0 0 0 0 0 0 0 0 0 0 0
0 0 0 0 0 0 0 0 0 0 0 0 0 0
0 0 0 0 0 0 0 0 0 0 0 0 0 0
0 0 0 0 0 0 0 0 0 0 0 0 0 0
0 0 0 0 0 0 0 0 0 0 0 0 0 0
0 0 0 0 0 0 0 0 0 0 0 0 0 0
0 0 0 0 0 0 0 0 0 0 0 0 0 0
0 0 0 0 0 0 0 0 0 0 0 0 0 0
0 0 0 0 0 0 0 0 0 0 0 0 0 0
0 0 0 0 0 0 0 0 0 0 0 0 0 0
//####################################### ODU2 #####################################################
odu2=
0 1 0 1 1 2 1 1 1 1 1 2 1 1
1 0 3 1 0 1 2 2 1 0 1 2 0 1
0 3 0 1 1 1 1 2 1 1 2 2 1 1
1 1 1 0 2 2 1 1 1 1 1 2 1 1
1 0 1 2 0 1 1 1 3 1 1 3 1 1
2 1 1 2 1 0 1 3 1 1 2 1 3 2
1 2 1 1 1 1 0 3 2 1 1 1 1 2
1 2 2 1 1 3 3 0 1 2 1 3 3 1
1 1 1 1 3 1 2 1 0 1 1 2 1 0
1 0 1 1 1 1 1 2 1 0 0 1 1 2
1 1 2 1 1 2 1 1 1 0 0 1 1 1
2 2 2 2 3 1 1 3 2 1 1 0 1 1
1 0 1 1 1 3 1 3 1 1 1 1 0 1
1 1 1 1 1 2 2 1 0 2 1 1 1 0
//####################################### ODU3 #####################################################
odu3=
0 0 1 0 0 1 0 0 1 0 0 0 0 0
0 0 1 0 1 0 0 0 1 1 0 0 1 0
1 1 0 0 0 0 0 0 0 0 0 0 0 0
0 0 0 0 0 0 0 0 1 0 0 0 0 0
0 1 0 0 0 0 0 0 0 0 0 0 0 0
1 0 0 0 0 0 1 0 0 0 0 0 0 2
0 0 0 0 0 1 0 0 1 0 0 0 0 1
0 0 0 0 0 0 0 0 0 1 0 1 0 2
1 1 0 1 0 0 1 0 0 0 0 1 0 2
0 1 0 0 0 0 0 1 0 0 1 0 0 0
0 0 0 0 0 0 0 0 0 1 0 0 0 0
0 0 0 0 0 0 0 1 1 0 0 0 0 0
0 1 0 0 0 0 0 0 0 0 0 0 0 0
0 0 0 0 0 2 1 2 2 0 0 0 0 0
//####################################### ODU4 #####################################################
odu4=
0 0 0 0 0 0 0 0 0 0 0 0 0 0
0 0 0 0 0 0 0 0 0 0 0 0 0 0
0 0 0 0 0 0 0 0 0 0 0 0 0 0
0 0 0 0 0 0 0 0 0 0 0 0 0 0
0 0 0 0 0 0 0 0 0 0 0 0 0 0
0 0 0 0 0 0 0 0 0 0 0 0 0 0
0 0 0 0 0 0 0 0 0 0 0 0 0 0
0 0 0 0 0 0 0 0 0 0 0 0 0 0
0 0 0 0 0 0 0 0 0 0 0 0 0 0
0 0 0 0 0 0 0 0 0 0 0 0 0 0
0 0 0 0 0 0 0 0 0 0 0 0 0 0
0 0 0 0 0 0 0 0 0 0 0 0 0 0
0 0 0 0 0 0 0 0 0 0 0 0 0 0
0 0 0 0 0 0 0 0 0 0 0 0 0 0
//################################### ORDERING RULE ################################################
orderingRule=descendingOrder
//################################### TRANSPORT MODE ###############################################
transportMode=opaque
//############################ ROUTING CRITERION LOGICAL TOPOLOGY ##################################
routingCriterionLogicalTopology=hops
//############################ BLOCKING CRITERION LOGICAL TOPOLOGY #################################
blockingCriterionLogicalTopology=3
//############################ ROUTING CRITERION PHYSICAL TOPOLOGY #################################
routingCriterionPhysicalTopology=hops
//############################ BLOCKING CRITERION PHYSICAL TOPOLOGY ################################
blockingCriterionPhysicalTopology=3
OLTsCost=15000
TranspondersCost=5000
AmplifiersCost=2000
EXCsCost=10000
ODU0portsCost=125
ODU1portsCost=250
ODU2portsCost=1000
ODU3portsCost=4000
ODU4portsCost=10000
OTU4portsCost=10000
OXCsCost=20000
addPortsCost=2500
linePortsCost=2500