//################################## NUMBER OF NODES ###############################################
numberOfNodes=12
//########################### PHYSICAL TOPOLOGY ADJACENCY MATRIX ###################################
physicalTopologyAdjacencyMatrix=12
0 1 0 0 0 0 0 0 0 0 0 1
1 0 1 0 0 0 0 0 0 0 0 1
0 1 0 1 0 0 0 0 0 1 0 0
0 0 1 0 1 1 1 0 0 0 0 0
0 0 0 1 0 1 0 0 0 0 0 0
0 0 0 1 1 0 1 0 0 0 0 0
0 0 0 1 0 1 0 1 1 0 0 0
0 0 0 0 0 0 1 0 1 0 0 0
0 0 0 0 0 0 1 1 0 1 0 0
0 0 1 0 0 0 0 0 1 0 1 0
0 0 0 0 0 0 0 0 0 1 0 1
1 1 0 0 0 0 0 0 0 0 1 0
//################################## DISTANCES BETWEEN NODES #######################################
distancesBetweenNodes=12
0 950 0 0 0 0 0 0 0 0 0 950
950 0 950 0 0 0 0 0 0 0 0 950
0 950 0 950 0 0 0 0 0 950 0 0
0 0 950 0 950 950 950 0 0 0 0 0
0 0 0 950 0 950 0 0 0 0 0 0
0 0 0 950 950 0 950 0 0 0 0 0
0 0 0 950 0 950 0 950 950 0 0 0
0 0 0 0 0 0 950 0 950 0 0 0
0 0 0 0 0 0 950 950 0 950 0 0
0 0 950 0 0 0 0 0 950 0 950 0
0 0 0 0 0 0 0 0 0 950 0 950
950 950 0 0 0 0 0 0 0 0 950 0
//###################################### SPAN (km) #################################################
span=100
//################################### NUMBER OF OMS PER LINK #######################################
numberOfOMSPerLink=1
//############################# NUMBER OF OPTICAL CHANNELS PER OMS #################################
numberOfOpticalChannelsPerOMS=100
//################################### INITIAL WAVELENGHT (nm) ######################################
initialWavelenght=1550
//############################## WAVELENGHT SPACING IN NANOMETERS ##################################
wavelenghtSpacing=0.8
//############################# OPTICAL CHANNEL CAPACITY IN ODU0 ###################################
opticalChannelCapacity=80
//##################################################################################################
//################################### TRAFFIC MATRIX ###############################################
//##################################################################################################
//####################################### ODU0 #####################################################
//odu0=12
//0 1 4 1 2 2 1 2 2 2 4 4
//1 0 2 2 4 1 2 2 2 1 4 2
//4 2 0 2 4 2 1 4 2 1 1 2
//1 2 2 0 1 2 2 2 1 4 4 2
//2 4 4 1 0 1 4 2 2 2 4 2
//2 1 2 2 1 0 2 1 2 1 2 1
//1 2 1 2 4 2 0 4 1 2 4 1
//2 2 4 2 2 1 4 0 4 4 1 1
//2 2 2 1 2 2 1 4 0 2 4 2
//2 1 1 4 2 1 2 4 2 0 4 4
//4 4 1 4 4 2 4 1 4 4 0 2
//4 2 2 2 2 1 1 1 2 4 2 0
odu0=12
0 0 0 0 0 0 0 0 0 0 0 0
0 0 0 0 0 0 0 0 0 0 0 0
0 0 0 0 0 0 0 0 0 0 0 0
0 0 0 0 0 0 0 0 0 0 0 0
0 0 0 0 0 0 0 0 0 0 0 0
0 0 0 0 0 0 0 0 0 0 0 0
0 0 0 0 0 0 0 0 0 0 0 0
0 0 0 0 0 0 0 0 0 0 0 0
0 0 0 0 0 0 0 0 0 0 0 0
0 0 0 0 0 0 0 0 0 0 0 0
0 0 0 0 0 0 0 0 0 0 0 0
0 0 0 0 0 0 0 0 0 0 0 0
//####################################### ODU1 #####################################################
//odu1=12
//0 2 2 2 1 1 2 2 2 2 4 2
//2 0 2 2 2 2 1 4 2 2 1 2
//2 2 0 4 2 4 2 2 2 1 1 4
//2 2 4 0 2 2 1 4 4 2 4 4
//1 2 2 2 0 2 2 2 2 1 2 1
//1 2 4 2 2 0 4 2 1 2 1 1
//2 1 2 1 2 4 0 1 1 2 4 2
//2 4 2 4 2 2 1 0 4 1 1 4
//2 2 2 4 2 1 1 4 0 4 2 2
//2 2 1 2 1 2 2 1 4 0 2 2
//4 1 1 4 2 1 4 1 2 2 0 2
//2 2 4 4 1 1 2 4 2 2 2 0
odu1=12
0 0 2 4 4 3 1 3 4 0 0 0
0 0 50 5 50 5 5 50 5 0 5 50
2 50 0 5 5 5 5 5 5 5 5 50
4 5 5 0 4 6 0 0 0 1 30 2
4 50 5 4 0 1 6 3 3 6 9 3
3 5 5 6 1 0 1 6 4 6 3 2
1 5 5 0 6 1 0 2 3 9 2 2
3 50 5 0 3 6 2 0 3 6 3 1
4 5 5 0 3 4 3 3 0 40 3 2
0 0 5 1 6 6 9 6 40 0 9 3
0 5 5 30 9 3 2 3 3 9 0 1
0 50 50 2 3 2 2 1 2 3 1 0
//####################################### ODU2 #####################################################
odu2=12
0 0 0 0 0 0 0 0 1 2 1 1
0 0 2 2 1 1 2 1 2 2 1 1
0 2 0 1 2 2 4 1 0 0 0 2
0 2 1 0 2 4 2 1 2 2 0 2
0 1 2 2 0 2 2 0 0 0 1 4
0 1 2 4 2 0 2 4 2 1 2 1
0 2 4 2 2 2 0 4 1 0 0 0
0 1 1 1 0 4 4 0 1 2 2 2
1 2 0 2 0 2 1 1 0 4 2 2
2 2 0 2 0 1 0 2 4 0 1 4
1 1 0 0 1 2 0 2 2 1 0 2
1 1 2 2 4 1 0 2 2 4 2 0
//####################################### ODU3 #####################################################
odu3=12
0 5 1 2 2 0 2 2 5 5 5 0
5 0 1 1 1 1 2 2 2 2 2 2
1 1 0 1 2 20 2 2 2 0 2 2
2 1 1 0 2 1 1 2 2 1 4 1
2 1 2 2 0 0 0 2 1 1 4 0
0 1 20 1 0 0 2 1 4 4 1 2
2 2 2 1 0 2 0 2 4 2 2 2
2 2 2 2 2 1 2 0 2 1 4 2
5 2 2 2 1 4 4 2 0 1 2 4
5 2 0 1 1 4 2 1 1 0 1 1
5 2 2 4 4 1 2 4 2 1 0 5
0 2 2 1 0 2 2 2 4 1 5 0
//####################################### ODU4 #####################################################
odu4=12
0 0 0 0 0 0 0 0 0 0 0 0
0 0 0 0 0 0 0 0 0 0 0 0
0 0 0 0 0 0 0 0 0 0 0 0
0 0 0 0 0 0 0 0 0 0 0 0
0 0 0 0 0 0 0 0 0 0 0 0
0 0 0 0 0 0 0 0 0 0 0 0
0 0 0 0 0 0 0 0 0 0 0 0
0 0 0 0 0 0 0 0 0 0 0 0
0 0 0 0 0 0 0 0 0 0 0 0
0 0 0 0 0 0 0 0 0 0 0 0
0 0 0 0 0 0 0 0 0 0 0 0
0 0 0 0 0 0 0 0 0 0 0 0
//0 1 4 1 2 2 1 2 2 2 4 4
//1 0 2 2 4 1 2 2 2 1 4 2
//4 2 0 2 4 2 1 4 2 1 1 2
//1 2 2 0 1 2 2 2 1 4 4 2
//2 4 4 1 0 1 4 2 2 2 4 2
//2 1 2 2 1 0 2 1 2 1 2 1
//1 2 1 2 4 2 0 4 1 2 4 1
//2 2 4 2 2 1 4 0 4 4 1 1
//2 2 2 1 2 2 1 4 0 2 4 2
//2 1 1 4 2 1 2 4 2 0 4 4
//4 4 1 4 4 2 4 1 4 4 0 2
//4 2 2 2 2 1 1 1 2 4 2 0
//################################### ORDERING RULE ################################################
orderingRule=descendingOrder
//################################### TRANSPORT MODE ###############################################
transportMode=opaque
//############################ ROUTING CRITERION LOGICAL TOPOLOGY ##################################
routingCriterionLogicalTopology=hops
//############################ BLOCKING CRITERION LOGICAL TOPOLOGY #################################
blockingCriterionLogicalTopology=3
//############################ ROUTING CRITERION PHYSICAL TOPOLOGY #################################
routingCriterionPhysicalTopology=hops
//############################ BLOCKING CRITERION PHYSICAL TOPOLOGY ################################
blockingCriterionPhysicalTopology=3
OLTsCost=15000
TranspondersCost=500000
AmplifiersCost=2000
EXCsCost=10000
ODU0portsCost=1250
ODU1portsCost=2500
ODU2portsCost=10000
ODU3portsCost=40000
ODU4portsCost=100000
OTU4portsCost=100000
OXCsCost=20000
addPortsCost=2500
linePortsCost=2500