###################################################################################################
# Nome: Eduardo Fernandes                                                                         #
# Nº mec: 68224																					  #
#                                                                                                 #
# Universidade de Aveiro		2018/2019                                                         #
###################################################################################################

# SIMULATOR INPUT PARAMETERS

################################### NUMBER OF NODES ###############################################

numberOfNodes:6

##################################### ODU0 DEMANDS ################################################

odu0:0,0,0,0,0,0;0,0,0,0,0,0;0,0,0,0,0,0;0,0,0,0,0,0;0,0,0,0,0,0;0,0,0,0,0,0;

##################################### ODU1 DEMANDS ################################################

odu1:0,0,0,0,0,0;0,0,0,0,0,0;0,0,0,0,0,0;0,0,0,0,0,0;0,0,0,0,0,0;0,0,0,0,0,0;

##################################### ODU2 DEMANDS ################################################

odu2:0,0,0,0,0,0;0,0,0,0,0,0;0,0,0,0,0,0;0,0,0,0,0,0;0,0,0,0,0,0;0,0,0,0,0,0;

##################################### ODU3 DEMANDS ################################################

odu3:0,0,0,0,0,0;0,0,0,0,0,0;0,0,0,0,2,0;0,0,0,0,0,0;0,0,0,0,0,0;0,0,0,0,0,0;

##################################### ODU4 DEMANDS ################################################

odu4:0,0,0,0,5,0;0,0,0,0,0,0;0,0,0,0,0,0;0,0,0,0,0,0;0,0,0,0,0,0;0,0,0,0,0,0;

##################################### ORDERING RULE ###############################################

orderingRule:descendingOrder

############################ PHYSICAL TOPOLOGY ADJACENCY MATRIX ###################################

physicalTopologyAdjacencyMatrix:0,1,0,0,0,1;1,0,1,0,0,1;0,1,0,1,1,0;0,0,1,0,1,0;0,0,1,1,0,1;1,1,0,0,1,0;

###################################### TRANSPORT MODE ##############################################

transportMode:transparent



